48,1
48,3
10,125
8,15
10,96
10,250
10,114
10,310
10,10
10,254
9,2
9,3
8,16
8,7
8,5
8,10
8,6
50,3
50,2
50,1
50,0
49,4
49,3
49,2
49,1
49,0
48,2
48,0
46,5
46,4
46,3
46,2
46,1
46,0
45,4
45,3
45,2
45,1
45,0
43,5
43,4
43,3
43,2
43,1
36,3
36,1
34,3
34,1
29,3
29,1
26,3
26,1
20,3
20,2
20,1
19,3
19,2
19,1
12,3
12,2
12,1
11,29
11,28
11,27
11,26
11,25
11,24
11,23
11,22
11,20
11,19
11,18
11,17
11,16
11,15
11,14
11,13
11,12
11,11
11,10
11,9
11,8
11,7
11,6
11,4
11,3
11,2
11,1
10,312
10,307
10,302
10,295
10,294
10,289
10,287
18,1
10,280
18,3
10,276
10,275
10,270
10,267
10,266
10,262
10,259
14,1
10,258
14,3
10,206
13,1
